"site" "y" "tr" "me" "x1" "x2" "x3"
"1" 1 1.2 1 0 -1.52 -0.79 0.46
"2" 1 -1.98 1 0 -0.49 -0.27 1.05
"3" 1 -11.12 0 0 2.45 -0.1 0.96
"4" 1 -27.76 1 1 0.33 0.86 -0.31
"5" 1 -12.8 0 0 -0.14 1.28 0.83
"6" 1 -6.62 1 0 -1.42 -0.23 2.15
"7" 1 -12.84 0 0 -0.84 0.95 0.04
"8" 1 1.33 0 0 -2.22 1.1 0.36
"9" 1 -24.5 0 0 -1.86 -1.51 -0.41
"10" 1 -2.58 1 0 1.68 0.66 0.8
"11" 1 -13.07 1 1 -0.11 1.26 -1.27
"12" 1 5.13 0 1 1.33 0.69 1.93
"13" 1 -29.81 1 1 0.4 0.67 0.18
"14" 1 -5.67 1 1 1.8 2.79 1.19
"15" 1 -5.69 1 0 -0.9 -0.31 0.55
"16" 1 -6.38 0 0 0.73 -0.55 0.69
"17" 1 4.11 1 0 2.1 -0.26 1.41
"18" 1 -0.42 0 1 0.3 1.21 0.83
"19" 1 3.21 1 0 1.22 -1.05 0.14
"20" 1 3.33 1 0 1.55 1.98 0.49
"21" 2 -18.45 0 1 -0.59 -0.9 0.66
"22" 2 10.36 1 1 2.4 -0.73 0.58
"23" 2 6.46 1 1 1.41 -1.77 -0.62
"24" 2 6.95 0 1 0.3 0.38 -0.05
"25" 2 13.65 1 0 1.95 -2.17 0.53
"26" 2 4.04 0 0 0.77 0.42 0.3
"27" 2 36.96 1 1 0.88 1.87 0.82
"28" 2 20.74 1 1 -0.7 -1.78 0.49
"29" 2 9.65 1 1 -0.85 1 -0.24
"30" 2 -6.55 0 0 -0.4 0.14 -0.22
"31" 2 2.27 0 0 1.23 0.75 -0.79
"32" 2 26.21 1 1 1.98 0.42 -0.54
"33" 2 23.07 1 0 0.1 0.24 0.77
"34" 2 22.98 1 1 -0.02 -0.97 0.66
"35" 2 26.81 1 1 0.14 -0.91 1.66
"36" 2 6.89 0 1 -0.42 -0.87 1.27
"37" 2 23.2 1 0 0.43 0.53 -0.15
"38" 2 -34.32 0 0 -1.74 -1.86 1.62
"39" 2 12.89 1 0 1.18 -1.3 0.43
"40" 2 32.73 1 0 -0.13 -0.26 -0.65
"41" 3 -16.65 0 0 -0.45 -1.07 -1
"42" 3 23.19 1 0 -0.57 -0.99 -1.1
"43" 3 19.31 0 0 1.07 -0.53 -0.68
"44" 3 21.54 0 0 -2.48 0.02 0.26
"45" 3 9.45 1 0 -3.08 -1.05 0.24
"46" 3 25.11 1 0 -0.24 -1.56 -1.53
"47" 3 -2.9 0 0 -1.33 -0.75 -1.49
"48" 3 -2.63 0 0 -1.51 -0.43 0.2
"49" 3 28.42 0 1 -0.9 -0.48 0.96
"50" 3 24.63 0 1 -1.41 0.4 -0.64
"51" 3 -4.62 1 0 -2.42 -0.83 -0.09
"52" 3 26.33 1 0 -0.12 -0.24 -0.54
"53" 3 26.44 0 1 -0.58 0.53 -0.33
"54" 3 21.3 1 1 -0.77 1.53 -1.28
"55" 3 13.81 0 0 -1.11 -0.31 0.6
"56" 3 7.12 0 0 -0.88 1.76 -0.78
"57" 3 10.42 1 0 0.23 -0.63 1.13
"58" 3 11.2 1 0 -1.1 -1.02 -0.75
"59" 3 10.87 1 0 -1.45 -0.11 2.05
"60" 3 16.63 0 1 0.1 -0.93 -0.26
"61" 4 -19.96 1 0 -0.71 -0.71 1.33
"62" 4 -44.9 1 1 -1.95 0.04 -0.42
"63" 4 -35.15 1 1 -0.1 -2.1 1.59
"64" 4 -53.8 1 1 -1.21 -1.46 1.22
"65" 4 -17.1 1 1 1.49 -0.55 1.18
"66" 4 7.36 1 0 1.01 -0.57 1.92
"67" 4 -30.7 1 1 -1.15 1.58 1.83
"68" 4 -37.51 1 1 -0.81 0.62 0.82
"69" 4 -38.67 1 1 2.12 -0.73 3.26
"70" 4 -8.48 0 0 -0.03 -0.1 1.54
"71" 4 -36.18 0 1 -0.86 0.35 0.02
"72" 4 -42.16 1 1 1.45 0.09 -0.04
"73" 4 -32.19 1 1 0.38 -0.68 1.34
"74" 4 -7.24 0 0 0.52 0.11 -0.01
"75" 4 3.53 0 0 -1.15 -0.28 0.11
"76" 4 -32.12 1 1 -0.24 -0.22 0.74
"77" 4 -37.95 0 1 1.14 -0.74 -0.33
"78" 4 -8.93 0 1 -2.03 -0.48 1.82
"79" 4 -4.48 0 0 -0.15 0.9 -0.08
"80" 4 8.33 0 0 -0.83 -1.35 0.32
"81" 5 16.6 1 1 1.43 -0.55 0.98
"82" 5 37.36 1 1 1.53 -0.1 -1.43
"83" 5 30.71 1 1 1.7 -0.09 -0.21
"84" 5 43.75 0 1 0.97 1.13 1.87
"85" 5 19.36 0 1 2.3 -0.08 0.18
"86" 5 36.62 1 1 0.08 1.28 0.11
"87" 5 -0.11 1 0 0.05 -1.39 0.3
"88" 5 -19.81 0 0 -0.07 0 0.88
"89" 5 11.35 1 0 -0.62 0.13 -0.22
"90" 5 -1.97 0 0 -1.21 0.29 0.16
"91" 5 -2.74 1 0 1.74 -0.34 -0.49
"92" 5 6.22 1 0 -1.67 0.32 0.8
"93" 5 35.41 1 1 0.84 1.15 -0.28
"94" 5 33.09 1 1 -2.08 0.67 0.9
"95" 5 25.66 1 1 0.43 2.16 0.98
"96" 5 3.25 1 0 1.01 0.08 1.3
"97" 5 -3.44 0 0 0.4 0.05 -0.72
"98" 5 -5.34 0 0 0.37 -0.5 0.07
"99" 5 -16.22 0 0 0.34 0.58 -2.01
"100" 5 13.26 0 0 0.13 0.18 0.76
"101" 6 -12.47 1 1 -0.32 -1.78 -2.12
"102" 6 -5.18 1 0 -2.51 -0.9 0.19
"103" 6 -10.78 1 1 -1.12 -0.22 -0.4
"104" 6 -4.79 0 1 -0.21 0.67 0.13
"105" 6 -20.73 0 1 -0.37 0.58 -0.48
"106" 6 -9.65 0 0 -1.45 -0.84 -2.55
"107" 6 -5.99 0 0 -0.36 -0.07 0.55
"108" 6 -8.64 1 0 -0.35 -1.42 -3.57
"109" 6 7.83 1 0 -0.37 -1.74 -0.23
"110" 6 -4.35 1 0 1.65 2.34 -0.81
"111" 6 -14.16 0 0 -0.18 1.25 -0.13
"112" 6 -10.88 1 1 0.46 -1.13 0.73
"113" 6 4.1 0 1 -0.28 0.36 -0.38
"114" 6 -24.58 1 1 0.88 0.36 -0.03
"115" 6 0.67 0 0 0.09 0.67 -1.31
"116" 6 -13.39 0 0 -0.68 -0.1 -0.59
"117" 6 -0.83 0 0 0.91 1.3 0.32
"118" 6 -5.55 0 0 -0.25 0.18 -1.34
"119" 6 -0.58 0 1 0.27 0.09 0.48
"120" 6 -29.1 0 1 -0.05 0.3 -0.49
"121" 7 42.32 1 1 -0.34 0.09 0.5
"122" 7 18.78 0 1 1.49 0.03 0.21
"123" 7 1.67 0 0 0.84 -0.59 0.92
"124" 7 22.06 1 0 0.2 -0.26 0.55
"125" 7 7.83 0 0 1.11 -0.97 0.3
"126" 7 39.33 0 1 0.77 0.87 1
"127" 7 6.2 0 0 0.86 -0.65 0.44
"128" 7 29.66 1 1 0.13 -0.84 1.62
"129" 7 11.35 0 0 -0.69 0.3 0.56
"130" 7 45.61 1 1 -0.99 -0.27 -0.05
"131" 7 40.16 1 1 0.38 -0.46 0.79
"132" 7 5.11 0 0 1.34 -1.76 0.65
"133" 7 -5.45 0 0 0.12 -0.06 -0.52
"134" 7 42.24 1 1 0.05 -0.21 -1.04
"135" 7 41.54 1 1 1.92 0.45 0.47
"136" 7 -6.4 1 0 -1.22 -0.08 -0.38
"137" 7 41.9 1 1 2.45 -0.21 0.14
"138" 7 27.03 1 0 1.26 0.18 -0.95
"139" 7 29.43 0 1 2.24 -0.33 -0.71
"140" 7 5.5 0 0 0.95 -0.86 -0.38
"141" 8 5.15 1 0 -1.99 -0.6 -2.3
"142" 8 3.78 0 0 -0.09 -0.86 -1.53
"143" 8 15.01 1 0 -1.24 0.53 -0.34
"144" 8 6.78 1 1 2.22 -0.37 -0.78
"145" 8 7.02 1 1 2.18 -0.41 -1.56
"146" 8 9.75 1 1 -1.73 -0.44 -0.43
"147" 8 17.05 1 1 -0.29 3.53 1.66
"148" 8 5.18 1 1 1.19 0.52 1.23
"149" 8 16.89 0 0 -2.02 -1.22 0.77
"150" 8 14.57 0 0 -0.65 0.56 -0.52
"151" 8 11.17 0 0 0.02 0.13 1.04
"152" 8 3.52 0 1 -1.78 0.05 0.02
"153" 8 24.62 1 1 0.52 1.21 0.38
"154" 8 10.51 0 0 -1.36 0.44 0.32
"155" 8 26.44 1 1 0.47 0.56 1.93
"156" 8 -1.1 0 1 -0.36 0.39 0.71
"157" 8 0.01 0 0 -1.87 0.25 -0.82
"158" 8 15.95 1 0 0.1 -0.33 0.42
"159" 8 9.72 1 1 -0.7 1.48 0.62
"160" 8 17.22 1 0 -0.33 2.09 0.27
"161" 9 21.24 1 1 0.83 -0.13 -1.42
"162" 9 -3.81 0 0 0.96 -0.76 -0.35
"163" 9 6.52 0 0 0.34 -0.03 -0.2
"164" 9 3.15 0 0 0.49 1.35 -1.32
"165" 9 19.55 0 1 1.2 -0.47 0.57
"166" 9 28.37 1 1 -1 0.5 -2.2
"167" 9 9.1 1 0 1.36 1.57 0.96
"168" 9 40.4 1 1 1.47 -1.27 1.24
"169" 9 3.71 0 0 -0.63 -0.84 0.58
"170" 9 -3.02 1 0 0.29 0.52 -1.28
"171" 9 27.87 1 1 0.69 0.25 -0.85
"172" 9 -6.24 0 0 -0.61 -0.88 -0.5
"173" 9 -2.14 1 0 -1 -0.92 -0.47
"174" 9 -19.69 0 0 -0.22 0.04 -1.24
"175" 9 14.08 0 0 1.3 -0.65 -1.47
"176" 9 -11.27 1 0 1.3 -0.24 -0.22
"177" 9 18.13 0 0 0.44 0.42 -0.87
"178" 9 -9.75 0 0 -0.05 0.39 -1.69
"179" 9 11.82 0 0 -1.1 -0.57 1.55
"180" 9 26.5 0 1 -1.06 -1.57 -0.24
"181" 10 34.43 1 1 0.65 -1.06 -0.27
"182" 10 13.7 1 0 0.69 -2.53 -0.33
"183" 10 3.13 0 0 1.05 -0.41 0.28
"184" 10 -25.38 1 0 2.32 -0.44 -0.93
"185" 10 -6.81 1 0 -0.25 -0.38 -0.08
"186" 10 -15.03 0 0 0.97 -1.4 -0.1
"187" 10 28.27 1 1 -0.3 0.69 -1
"188" 10 38.49 0 1 1.15 -0.43 2.35
"189" 10 25.01 0 1 -1.45 1.36 -1.63
"190" 10 24.15 0 0 -1.49 0.38 0.49
"191" 10 27.86 0 1 0.07 1.17 0.07
"192" 10 -0.1 0 0 0.4 0.13 -1.35
"193" 10 15.24 0 0 -0.12 -0.88 -2.68
"194" 10 5.48 1 0 -2.27 -1.59 -0.22
"195" 10 33.83 1 1 -0.44 0.88 -0.38
"196" 10 17.24 0 1 -0.51 0.9 -0.76
"197" 10 20.64 1 0 0.16 -0.28 -0.01
"198" 10 23.89 0 1 -0.39 0.56 0.42
"199" 10 8.62 1 0 -2.24 0.4 -0.33
"200" 10 -15.49 0 0 0.13 -0.18 -1.8
"201" 11 -5.28 0 0 -0.05 0.55 -0.44
"202" 11 46.82 1 1 -0.15 0.19 -0.37
"203" 11 8.81 0 0 1.55 -0.28 -0.46
"204" 11 44.14 1 1 -0.82 -0.12 -0.78
"205" 11 7.73 1 0 0.91 0.21 -0.04
"206" 11 33.39 1 1 -0.68 -0.02 0.47
"207" 11 -16.79 1 0 -0.18 -0.34 -0.04
"208" 11 -5.16 1 0 0.09 -0.76 -0.05
"209" 11 25.24 0 1 1.29 0.84 -1.12
"210" 11 10.01 0 0 1.22 1.15 1.75
"211" 11 33.62 1 1 -0.14 1.02 0.36
"212" 11 -5.25 0 1 1.56 1.11 -0.71
"213" 11 48.7 1 1 -0.68 1.9 -0.6
"214" 11 47.37 0 1 0.43 -0.25 0.5
"215" 11 23.39 1 1 1.41 -0.72 -0.51
"216" 11 4.59 0 0 0.74 -0.08 -0.28
"217" 11 52.65 1 1 -1.39 0.3 1.91
"218" 11 52.03 1 1 -2.21 0.42 -0.02
"219" 11 -6.41 0 0 0.48 -0.23 -0.26
"220" 11 33.67 1 1 0.36 -0.56 -0.86
"221" 12 -3.73 1 1 3.17 -0.96 0.38
"222" 12 15.35 1 0 0.73 0.58 -0.55
"223" 12 -4.87 0 0 1.19 -1.86 -0.04
"224" 12 -13.81 1 1 1.59 1.38 -0.57
"225" 12 0 0 1 0.3 -0.07 -1.59
"226" 12 -3.5 0 0 0.91 -0.18 -0.15
"227" 12 18.4 0 0 -0.81 -0.4 1.4
"228" 12 -0.41 1 0 -1.28 0.07 -0.41
"229" 12 9.37 1 0 -0.13 -0.29 0.08
"230" 12 -2.23 0 1 0.18 -0.84 -0.14
"231" 12 24.73 0 0 1.47 0.59 0.69
"232" 12 14.21 0 0 0.43 0.12 0.6
"233" 12 13.66 0 0 0.47 -0.41 -0.84
"234" 12 5.13 0 0 -0.14 -1.87 -1.57
"235" 12 6.7 1 0 -2.13 0.44 -1.24
"236" 12 8.53 1 1 1.14 -0.63 0.84
"237" 12 -4.23 1 1 0.67 0.79 0.76
"238" 12 7.02 0 0 -0.51 0.69 0.96
"239" 12 -13.03 1 1 -0.64 1.11 0.2
"240" 12 13.9 0 0 0.56 0.83 1.82
"241" 13 33.23 1 0 -2.07 -2.28 0.38
"242" 13 -20.78 0 0 -0.42 0.67 -0.19
"243" 13 20.38 1 0 -0.88 0.34 1.5
"244" 13 32.37 1 1 -0.03 -0.66 -0.27
"245" 13 27.89 0 1 -0.75 0.25 0.34
"246" 13 39.7 0 1 0.66 0.71 0.47
"247" 13 45.12 0 1 -0.69 -1.35 0.03
"248" 13 3.8 0 0 1.09 -0.95 3.2
"249" 13 13.06 0 0 0.16 2.11 -0.3
"250" 13 3.08 0 0 -0.91 -0.94 -1.45
"251" 13 -9.67 1 0 -0.15 0.32 1.32
"252" 13 46.05 0 1 0.9 1.91 0.14
"253" 13 61.74 1 1 -2 1.62 -0.41
"254" 13 -3.12 0 0 0.31 1.21 -1.14
"255" 13 5.06 1 0 -0.76 -0.12 -0.22
"256" 13 48.18 0 1 -0.24 0.4 0.48
"257" 13 -5.26 0 0 -0.15 0.94 0.49
"258" 13 44.27 1 1 1.1 1.83 1.29
"259" 13 3.75 0 0 -1.25 -1.09 2.12
"260" 13 18.22 0 0 0.02 2.15 1.33
"261" 14 5.86 1 0 -0.34 0.21 0.37
"262" 14 39.07 1 1 0.69 -0.11 0.83
"263" 14 5.94 0 1 -0.48 -1.01 1.29
"264" 14 4.91 1 0 -1.09 -0.82 -1.1
"265" 14 -11.61 1 0 0.69 -0.95 0.68
"266" 14 -2.44 0 0 -0.61 0.04 0.86
"267" 14 30.57 0 1 1.59 1.02 0.78
"268" 14 21.25 1 1 0.43 -0.52 -0.3
"269" 14 39.23 0 1 0.14 1.06 0.3
"270" 14 -2.72 0 0 0.88 -0.16 0.94
"271" 14 10.28 1 0 -1.28 -1.19 1.61
"272" 14 12.46 0 0 0.34 -0.56 -1.02
"273" 14 6.25 0 0 -1.69 1.68 -0.51
"274" 14 2.17 1 0 -0.65 -1.56 -0.71
"275" 14 -9.01 1 0 -1.57 -0.04 0.02
"276" 14 16.39 0 0 0.36 -0.56 1.58
"277" 14 27.93 1 1 0.98 1.47 1.03
"278" 14 22.75 1 0 -1.23 2.99 0.53
"279" 14 28.81 0 1 -0.45 0.65 0.59
"280" 14 5.93 0 0 -0.47 -0.98 -0.28
"281" 15 8.74 1 0 -1.01 0.76 -0.46
"282" 15 -22.58 0 1 0.42 0.76 -0.57
"283" 15 11.74 0 0 0.26 -0.34 1.17
"284" 15 -15.77 0 0 -0.35 -0.4 0.11
"285" 15 -26.44 1 1 -1.49 -1.17 0.5
"286" 15 18.89 1 0 -0.55 0.69 1.56
"287" 15 6.44 0 0 -1.51 0.21 2.64
"288" 15 -6.8 0 1 -0.61 1.63 0.21
"289" 15 -25.95 1 1 -0.43 -1.08 0.44
"290" 15 -7.04 0 0 0.21 -0.92 0.27
"291" 15 -11.76 1 1 0.62 1.36 1.61
"292" 15 -8.16 0 0 -0.25 0.31 0.61
"293" 15 -18.39 1 1 0.2 1.05 0.39
"294" 15 -2.06 0 0 -1.85 0.77 0.03
"295" 15 6.98 0 0 -0.68 -1.03 0.75
"296" 15 0.08 0 0 -0.41 0.54 -0.62
"297" 15 -30.56 1 1 -0.51 -0.45 -0.13
"298" 15 5.36 0 0 -0.23 -0.06 2.66
"299" 15 2.09 1 0 -1.22 -0.77 0.27
"300" 15 -4.51 0 0 -0.54 0.49 1.4
"301" 16 6.97 1 1 0.5 -1.49 0.77
"302" 16 -3.01 1 0 -1.3 0.84 -0.8
"303" 16 4.94 1 0 0.2 -0.13 0.45
"304" 16 -13.44 0 0 -2.53 -0.94 0.43
"305" 16 7.11 1 1 0.17 -0.52 -0.98
"306" 16 -19.08 1 0 -2.58 -1.09 -0.62
"307" 16 5.38 0 0 -2.24 0.29 -0.62
"308" 16 -6.34 0 0 -1.16 -0.87 1.23
"309" 16 10.28 0 1 -0.49 0.83 -1.62
"310" 16 -6.39 0 0 -1.61 0.14 -0.45
"311" 16 6.18 0 0 -1.11 -0.99 -0.22
"312" 16 24.92 1 1 0.29 0.21 0.12
"313" 16 4.63 1 0 -0.8 -0.43 2.06
"314" 16 21.01 1 1 -0.19 -0.26 -1.03
"315" 16 -0.99 0 0 -1.21 -1.76 0.51
"316" 16 3.24 1 1 0.81 0.37 0.34
"317" 16 8.42 1 0 -1.93 0.57 -0.5
"318" 16 -11 0 0 -1.36 0.36 0.18
"319" 16 -1.57 1 0 -1.54 -0.46 -0.68
"320" 16 4.07 1 0 1.37 1.72 0.42
"321" 17 1.77 0 0 -1.15 0.56 1.12
"322" 17 19.29 0 1 1.95 -0.53 0.7
"323" 17 -11.63 0 1 -0.66 0.9 -1.41
"324" 17 22.02 0 0 0.84 0.76 -0.45
"325" 17 19.42 1 0 1.65 1.82 0.24
"326" 17 0.63 0 0 -1.38 0.3 -0.22
"327" 17 17.13 0 0 0.17 2.07 0.64
"328" 17 15.93 1 1 0.66 0.19 -0.96
"329" 17 -0.31 1 0 -1.79 -1.78 -0.19
"330" 17 -0.51 0 0 -0.21 0.2 -0.81
"331" 17 19.27 1 1 0.44 1.96 2.3
"332" 17 2.33 0 0 0.95 0.57 -0.14
"333" 17 12.12 0 0 1.19 -1.67 0.84
"334" 17 9.63 0 0 1.05 0.98 -0.27
"335" 17 19.45 0 1 -0.1 -0.86 1.3
"336" 17 15.22 0 1 -0.63 -0.01 0.42
"337" 17 6.38 0 1 -0.51 0.41 -0.1
"338" 17 -2.38 1 0 -1.54 -0.03 -0.34
"339" 17 24.72 0 0 -0.42 1.53 -0.11
"340" 17 4.91 1 0 0.71 -0.85 0.18
"341" 18 14.52 0 0 -0.01 -0.51 0.04
"342" 18 74.78 1 1 1.66 -1.18 -1.1
"343" 18 -12.99 1 0 -0.69 2.79 0.35
"344" 18 -21.22 1 0 -0.61 -1.44 1
"345" 18 80.97 1 1 2.81 -1.27 -0.92
"346" 18 -15.8 0 0 -0.13 -2.2 -0.15
"347" 18 68.87 0 1 0.64 -1.37 -1.57
"348" 18 -0.43 0 0 0.42 1.83 0.01
"349" 18 10.01 0 0 2.96 -0.9 -0.62
"350" 18 6.07 0 0 1.14 2.12 0.92
"351" 18 52.57 0 1 1.34 -1.75 -0.81
"352" 18 69.97 0 1 0.78 0.36 0.06
"353" 18 69.14 0 1 -0.12 -0.13 -1.69
"354" 18 74.95 1 1 1.34 -0.64 0.87
"355" 18 97.14 1 1 2.46 0.44 0.96
"356" 18 75.98 1 1 2.34 0.63 -0.37
"357" 18 -9.45 1 0 -1.37 -0.95 0.46
"358" 18 8.51 0 0 2.58 0.39 -0.09
"359" 18 -18.16 0 0 2.2 0.29 -3.78
"360" 18 71.09 1 1 -0.45 -0.76 -0.47
"361" 19 20.26 0 0 0.4 -0.4 -0.49
"362" 19 20.77 1 1 -0.72 -1.09 1.6
"363" 19 8.91 1 0 -0.4 -0.17 0.28
"364" 19 16.9 1 1 -0.1 0.36 -1.53
"365" 19 0.79 0 0 0.17 0.17 0.43
"366" 19 30.02 0 1 -0.47 -0.61 0.83
"367" 19 40.27 1 1 -1.52 -0.14 -0.14
"368" 19 4.77 1 0 -1.68 0.29 0.57
"369" 19 -4.91 0 0 0.77 0.79 -0.17
"370" 19 6.35 1 0 0.02 -1.14 -0.54
"371" 19 45.2 1 1 0.29 -1.41 1.17
"372" 19 35.96 0 1 0.55 -0.04 -1.92
"373" 19 26.29 0 0 -0.17 1.89 -1.74
"374" 19 30.09 1 1 0.07 -0.36 0.81
"375" 19 30.35 1 1 0.46 1.46 -1.18
"376" 19 15.46 1 0 0.56 0.34 -1.14
"377" 19 31.88 1 1 0.11 -0.81 -0.59
"378" 19 43.08 1 1 -0.58 -0.79 0.87
"379" 19 4.74 0 0 0.34 0.55 0.77
"380" 19 -21.12 1 0 0.13 0.27 0.25
"381" 20 7.04 0 0 -0.08 -1.21 -0.81
"382" 20 -13.03 1 0 -0.95 0.37 0.78
"383" 20 0.89 1 1 -1.04 1.63 0.27
"384" 20 -11.12 1 1 0.43 -0.48 -1.14
"385" 20 -9.86 0 0 0.54 0.22 -0.44
"386" 20 -10.4 0 1 0.32 -0.44 -0.89
"387" 20 -21.82 1 0 -0.96 2.03 -0.12
"388" 20 -14.45 1 0 -0.42 -0.63 -1.04
"389" 20 2.73 0 0 -0.26 0.93 0.82
"390" 20 15.12 0 0 -0.96 1.22 -0.33
"391" 20 12.94 1 1 0.08 0.1 1.24
"392" 20 18.95 0 1 0.32 -0.5 1.21
"393" 20 5.83 1 1 -0.05 0.15 -0.46
"394" 20 -19.05 0 0 -0.15 0.5 -0.07
"395" 20 -2.8 1 0 -2.94 -1.46 1.32
"396" 20 -3.41 0 0 -0.72 -0.49 0.85
"397" 20 8.09 1 1 -1 1.09 0.44
"398" 20 3.5 0 0 0.25 -0.04 -0.53
"399" 20 15.96 1 1 -0.64 3.98 -0.18
"400" 20 -1.02 0 1 3.22 -1.05 0.47
"401" 21 -0.24 1 0 0.05 0.43 -0.66
"402" 21 5.26 1 0 -0.23 -0.61 -1.44
"403" 21 45.14 1 1 1.08 -0.74 0.06
"404" 21 4.27 0 0 -1.19 -1.72 -0.04
"405" 21 16.96 1 0 0.27 0.9 -0.79
"406" 21 25.88 0 0 0.08 0.33 1.07
"407" 21 40.89 1 1 -0.65 -2.09 -0.06
"408" 21 46.47 1 1 1.77 -0.39 -0.45
"409" 21 13.08 1 0 1.82 0.2 0.63
"410" 21 -6.61 0 0 -0.21 -0.55 -0.45
"411" 21 45.14 1 1 1.99 -0.55 0.01
"412" 21 16.96 1 0 0.78 0.41 0.33
"413" 21 -1.26 0 0 -1.03 0.14 -0.56
"414" 21 27.85 0 1 0.26 -0.99 1.03
"415" 21 3.24 0 0 -1.66 0.5 -0.01
"416" 21 9.78 0 0 0.96 1.58 -0.97
"417" 21 50.05 1 1 0.76 1.19 -1.32
"418" 21 -1.5 0 0 0.53 -1.34 -0.14
"419" 21 33.41 1 1 0.88 -0.63 -0.69
"420" 21 8.48 0 0 0.38 0.09 -2.28
"421" 22 16.11 0 0 -1.44 0.21 -0.45
"422" 22 27.53 1 0 0.52 -0.8 -0.35
"423" 22 13.66 1 0 -0.02 -0.65 0.21
"424" 22 11.12 1 0 1.91 0.83 -0.49
"425" 22 -6.62 0 0 -0.74 1.04 -0.33
"426" 22 24.44 1 1 1.09 -0.37 -2.41
"427" 22 1.35 1 0 -1.21 -0.05 -0.51
"428" 22 30.46 1 1 2.43 -0.37 -1.79
"429" 22 0.85 0 0 -1.07 0.19 0.08
"430" 22 20.36 0 1 -0.32 -1.06 0.68
"431" 22 6.3 0 0 -0.93 -0.28 0.36
"432" 22 14.79 1 1 0.13 -0.44 -2.27
"433" 22 15.17 0 1 1.07 0.2 0.79
"434" 22 21.06 1 1 0.16 0.08 1.19
"435" 22 6.82 1 0 -0.62 -0.03 -0.71
"436" 22 4.17 0 0 0.55 1.17 -2.07
"437" 22 10.4 0 0 -0.42 0.33 1.27
"438" 22 -13.62 1 0 -0.2 -0.48 0.19
"439" 22 29.64 0 1 -0.84 0.43 0.04
"440" 22 42.19 1 1 -1.47 2.21 0.63
"441" 23 2.1 1 0 -0.3 -0.18 -0.66
"442" 23 14.69 0 1 0.63 -0.74 0.64
"443" 23 -7.9 1 0 0.07 0.05 0.67
"444" 23 10.71 0 0 0.29 -1.69 -0.59
"445" 23 -1.55 0 0 -0.12 1.36 -0.14
"446" 23 4.62 0 1 0.59 -0.56 -2.07
"447" 23 6.69 0 0 -0.71 -0.98 -1.04
"448" 23 35.36 1 1 -1.49 0.85 1.5
"449" 23 11.96 0 1 -0.42 -0.58 0.35
"450" 23 3.92 0 1 -0.79 -1.3 0.07
"451" 23 7.48 0 1 0.97 -1.92 -0.44
"452" 23 4.39 0 0 0.3 -0.17 0.51
"453" 23 -16.77 0 0 0.59 -0.47 -2.11
"454" 23 -6.1 0 0 1.61 0.51 -1.49
"455" 23 15.04 0 1 0.63 -0.17 1.53
"456" 23 19.56 0 0 -1.47 0.46 1.67
"457" 23 -3.11 1 0 0.13 -1.94 -0.45
"458" 23 21.59 0 1 -0.83 0.23 -0.33
"459" 23 -8.25 0 0 0.14 -0.57 -0.63
"460" 23 -1.76 0 0 -0.73 -0.99 1.59
"461" 24 -12.85 1 0 1.1 -0.15 -0.64
"462" 24 -9.12 1 0 -0.8 -0.64 0.14
"463" 24 1.89 0 0 1.71 1.49 0.51
"464" 24 -6.06 1 0 1.74 1.13 1
"465" 24 3.86 0 1 0.52 -0.76 -0.26
"466" 24 -2.54 0 0 -1.44 0.61 0
"467" 24 2.94 1 1 -0.23 -0.41 0.16
"468" 24 16.89 1 1 0.54 -1.69 2.34
"469" 24 -20.35 1 0 -1.44 -1.01 -2.35
"470" 24 -7.39 1 0 0.04 1.16 0.49
"471" 24 -18.4 1 0 -1.95 0.35 -1.33
"472" 24 -17.63 0 0 1.23 -0.45 -2.11
"473" 24 13.23 1 1 -1.76 0.08 1.28
"474" 24 1.09 1 0 0.18 0.1 1.72
"475" 24 0.73 0 0 -1 2.13 0.05
"476" 24 18.87 0 1 1.39 0.35 1.23
"477" 24 10.34 0 0 -0.82 -1.43 1.51
"478" 24 10.23 1 1 -0.97 -0.35 1.47
"479" 24 -7.81 0 0 1.02 -1.42 -0.66
"480" 24 -18.06 0 0 1.96 -0.18 -1.55
"481" 25 6.32 0 0 1.13 -1.93 1.69
"482" 25 29.53 0 1 1.95 0.53 1.74
"483" 25 -2.36 1 0 -0.77 -0.02 1.63
"484" 25 6.71 0 0 0.01 -1.63 -0.01
"485" 25 -5.32 0 0 0.49 -0.13 -1.6
"486" 25 14.2 1 1 0.67 -0.95 0.2
"487" 25 4.84 1 0 -0.63 0.48 0.76
"488" 25 11.17 0 0 0.89 -0.26 -2.13
"489" 25 -0.85 0 0 1.82 0.63 1.94
"490" 25 8.09 0 1 0.07 -2.04 0.35
"491" 25 12.96 1 0 -0.91 1.26 2.24
"492" 25 2.49 0 1 0.96 0.71 0.09
"493" 25 7.74 1 0 -1.83 1.41 1.31
"494" 25 -0.13 1 1 1.75 0.15 0.92
"495" 25 -0.06 1 1 0.42 0.05 -0.15
"496" 25 17.99 0 0 -0.49 -1.42 2.26
"497" 25 -21.39 0 0 0.68 -0.32 -0.6
"498" 25 23.64 1 1 0.03 1.97 0.43
"499" 25 2.08 0 0 0.97 0.21 -0.61
"500" 25 0.18 0 1 1.13 -1.46 1.76
